Thru_TS_t_RetrieveTemperatureData_a = 0.1656726201701906
Thru_HS_t_RetrieveHumidityData_a = 0.1524188105565753
Thru_SHS_t_RetrieveSoilHumidityData_a = 0.1417494938176151
Thru_DB_t_RetrieveSoilHumidityThreshold_a = 0.0000000000000000
Thru_DB_t_RetrieveTemperatureThreshold_a = 0.0000000000000000
Thru_DB_t_RetrieveHumidityThreshold_a = 0.0000000000000000
Thru_DB_t_RetrieveEnvironmentThresholds_a = 0.1360795140649105
Thru_arrival = 0.2020397806953544
Thru_GC_t2_StandBy = 0.2020397806953544
Thru_GC_t_triggerEnvironmentCheck = 0.2020397806953544
Thru_GC_t_BeginEnvironmentCheck = 0.2020397806953544
Thru_GC_t1_StandBy = 0.0000000000000000
Thru_GC_t_triggerTemperatureCheck = 0.0000000000000000
Thru_GC_t_BeginTemperatureCheck = 0.0000000000000000
Thru_GC_t3_StandBy = 0.0000000000000000
Thru_GC_t_monitorHumidity = 0.0000000000000000
Thru_GC_t_BeginHumidityMonitoring = 0.0000000000000000
Thru_GC_t_getTemperatureData = 0.0000000000000000
Thru_GC_t_CheckTemperature = 0.0000000000000000
Thru_GC_t_getTemperatureThreshold = 0.0000000000000000
Thru_GC_t1_CheckTemperatureThreshold_a = 0.0000000000000000
Thru_GC_t2_CheckTemperatureThreshold_a = 0.0000000000000000
Thru_GC_t_raiseTemperature = 0.0000000000000000
Thru_GC_t_decreaseTemperature = 0.0000000000000000
Thru_GC_t_getTemperatureData2 = 0.2020397806953544
Thru_GC_t_EnvCheckTemperature = 0.1656726201701906
Thru_GC_t_getHumidityData2 = 0.1656726201701906
Thru_GC_t_EnvCheckHumidity = 0.1524188105565753
Thru_GC_t_getSoilHumidityData2 = 0.1524188105565753
Thru_GC_t_EnvCheckSoilHumidity = 0.1417494938176151
Thru_GC_t_getEnvironmentThresholds = 0.1417494938176151
Thru_GC_t_CheckEnvironmentThresholds = 0.1360795140649105
Thru_GC_t_getHumidityData = 0.0000000000000000
Thru_GC_t_CheckHumidity = 0.0000000000000000
Thru_GC_t_getHumidityThreshold = 0.0000000000000000
Thru_GC_t_CheckHumidityThreshold = 0.0000000000000000
Thru_GC_t_notify = 0.0000000000000000
Thru_GC_t_NotifyMobileApp = 0.0000000000000000
Thru_TS_t_StandBy = 0.1656726201701906
Thru_TS_t_RetrieveTemperatureData = 0.1656726201701906
Thru_TS_t_getTemperatureData = 0.1656726201701906
Thru_TS_t_getTemperatureData_loss = 0.0363671605251638
Thru_HS_t_StandBy = 0.1524188105565753
Thru_HS_t_RetrieveHumidityData = 0.1524188105565753
Thru_HS_t_getHumidityData = 0.1524188105565753
Thru_HS_t_getHumidityData_loss = 0.0132538096136152
Thru_SHS_t_StandBy = 0.1417494938176151
Thru_SHS_t_RetrieveSoilHumidityData = 0.1417494938176151
Thru_SHS_t_getSoilHumidityData = 0.1417494938176151
Thru_SHS_t_getSoilHumidityData_loss = 0.0106693167389603
Thru_DB_t3_StandBy = 0.0000000000000000
Thru_DB_t_RetrieveSoilHumidityThreshold = 0.0000000000000000
Thru_DB_t_getSoilHumidityThreshold = 0.0000000000000000
Thru_DB_t_getSoilHumidityThreshold_loss = 0.0000000000000000
Thru_DB_t1_StandBy = 0.0000000000000000
Thru_DB_t_tRetrieveTemperatureThreshold = 0.0000000000000000
Thru_DB_t_getTemperatureThreshold = 0.0000000000000000
Thru_DB_t_getTemperatureThreshold_loss = 0.0000000000000000
Thru_DB_t2_StandBy = 0.0000000000000000
Thru_DB_t_RetrieveHumidityThreshold = 0.0000000000000000
Thru_DB_t_getHumidityThreshold = 0.0000000000000000
Thru_DB_t_getHumidityThreshold_loss = 0.0000000000000000
Thru_DB_t4_StandBy = 0.1360795140649105
Thru_DB_t_RetrieveEnvironmentThresholds = 0.1360795140649105
Thru_DB_t_getEnvironmentThresholds = 0.1360795140649105
Thru_DB_t_getEnvironmentThresholds_loss = 0.0056699797527046
