Thru_arrival = 0.2958579881656804
Thru_HS_t_RetrieveHumidityData_a = 0.2721893491124260
Thru_DB_t_RetrieveSoilHumidityThreshold_a = 0.0000000000000000
Thru_DB_t_RetrieveTemperatureThreshold_a = 0.0000000000000000
Thru_DB_t_RetrieveHumidityThreshold_a = 0.1360946745562130
Thru_DB_t_RetrieveEnvironmentThresholds_a = 0.0000000000000000
Thru_GC_t2_StandBy = 0.0000000000000000
Thru_GC_t_triggerEnvironmentCheck = 0.0000000000000000
Thru_GC_t_BeginEnvironmentCheck = 0.0000000000000000
Thru_GC_t1_StandBy = 0.0000000000000000
Thru_GC_t_triggerTemperatureCheck = 0.0000000000000000
Thru_GC_t_BeginTemperatureCheck = 0.0000000000000000
Thru_GC_t3_StandBy = 0.2958579881656804
Thru_GC_t_monitorHumidity = 0.2958579881656804
Thru_GC_t_BeginHumidityMonitoring = 0.2958579881656804
Thru_GC_t_getTemperatureData = 0.0000000000000000
Thru_GC_t_CheckTemperature = 0.0000000000000000
Thru_GC_t_getTemperatureThreshold = 0.0000000000000000
Thru_GC_t1_CheckTemperatureThreshold_a = 0.0000000000000000
Thru_GC_t2_CheckTemperatureThreshold_a = 0.0000000000000000
Thru_GC_t_raiseTemperature = 0.0000000000000000
Thru_GC_t_decreaseTemperature = 0.0000000000000000
Thru_GC_t_getTemperatureData2 = 0.0000000000000000
Thru_GC_t_EnvCheckTemperature = 0.0000000000000000
Thru_GC_t_getHumidityData2 = 0.0000000000000000
Thru_GC_t_EnvCheckHumidity = 0.0000000000000000
Thru_GC_t_getSoilHumidityData2 = 0.0000000000000000
Thru_GC_t_EnvCheckSoilHumidity = 0.0000000000000000
Thru_GC_t_getEnvironmentThresholds = 0.0000000000000000
Thru_GC_t_CheckEnvironmentThresholds = 0.0000000000000000
Thru_GC_t_getHumidityData = 0.2958579881656804
Thru_GC_t_CheckHumidity = 0.2721893491124260
Thru_GC_t_getHumidityThreshold = 0.2721893491124260
Thru_GC_t_CheckHumidityThreshold = 0.0680473372781065
Thru_GC_t_notify = 0.0680473372781065
Thru_GC_t_NotifyMobileApp = 0.0680473372781065
Thru_HS_t_StandBy = 0.2721893491124260
Thru_HS_t_RetrieveHumidityData = 0.2721893491124260
Thru_HS_t_getHumidityData = 0.2721893491124260
Thru_HS_t_getHumidityData_loss = 0.0236686390532544
Thru_DB_t3_StandBy = 0.0000000000000000
Thru_DB_t_RetrieveSoilHumidityThreshold = 0.0000000000000000
Thru_DB_t_getSoilHumidityThreshold = 0.0000000000000000
Thru_DB_t_getSoilHumidityThreshold_loss = 0.0000000000000000
Thru_DB_t1_StandBy = 0.0000000000000000
Thru_DB_t_tRetrieveTemperatureThreshold = 0.0000000000000000
Thru_DB_t_getTemperatureThreshold = 0.0000000000000000
Thru_DB_t_getTemperatureThreshold_loss = 0.0000000000000000
Thru_DB_t2_StandBy = 0.1360946745562130
Thru_DB_t_RetrieveHumidityThreshold = 0.1360946745562130
Thru_DB_t_getHumidityThreshold = 0.1360946745562130
Thru_DB_t_getHumidityThreshold_loss = 0.1360946745562130
Thru_DB_t4_StandBy = 0.0000000000000000
Thru_DB_t_RetrieveEnvironmentThresholds = 0.0000000000000000
Thru_DB_t_getEnvironmentThresholds = 0.0000000000000000
Thru_DB_t_getEnvironmentThresholds_loss = 0.0000000000000000
Thru_MA_t_StandBy = 0.0639644970414201
Thru_MA_t_NotifyUser = 0.0639644970414201
Thru_MA_t_notify = 0.0639644970414201
Thru_MA_t_notify_loss = 0.0040828402366864
Thru_GC_t1_CheckHumidityThreshold = 0.0680473372781065
